[[tensor([[-0.1914,  0.1778, -0.3099,  ..., -0.4219, -0.1119, -0.9871],
        [-0.1906,  0.1798, -0.3077,  ..., -0.4260, -0.1175, -0.9875],
        [-0.1876,  0.1817, -0.3119,  ..., -0.4340, -0.1291, -0.9880],
        ...,
        [-0.1894,  0.2341, -0.4408,  ..., -0.4890, -0.1582, -0.9977],
        [-0.1905,  0.2304, -0.4376,  ..., -0.4858, -0.1572, -0.9977],
        [-0.1922,  0.2287, -0.4613,  ..., -0.4891, -0.1519, -0.9978]],
       grad_fn=<AddBackward0>)]]
[[tensor([[-0.1716,  0.3464, -0.1918,  ..., -0.4634, -0.1693, -0.9977],
        [-0.1710,  0.3472, -0.1899,  ..., -0.4648, -0.1723, -0.9977],
        [-0.1716,  0.3507, -0.1879,  ..., -0.4688, -0.1715, -0.9978],
        ...,
        [-0.1862,  0.7251, -0.0340,  ..., -0.5931, -0.1381, -0.9990],
        [-0.1862,  0.7252, -0.0353,  ..., -0.5933, -0.1379, -0.9990],
        [-0.1861,  0.7249, -0.0362,  ..., -0.5935, -0.1378, -0.9990]],
       grad_fn=<AddBackward0>)]]
[[tensor([[-0.1494,  0.3987, -0.7381,  ..., -0.4124, -0.1136, -0.9980],
        [-0.1567,  0.3813, -0.7219,  ..., -0.4010, -0.1357, -0.9979],
        [-0.1711,  0.3886, -0.7530,  ..., -0.5290, -0.1497, -0.9980],
        ...,
        [-0.1499,  0.6144, -0.8873,  ..., -0.5189, -0.0538, -0.9989],
        [-0.1498,  0.6147, -0.8873,  ..., -0.5186, -0.0538, -0.9989],
        [-0.1497,  0.6156, -0.8876,  ..., -0.5190, -0.0535, -0.9990]],
       grad_fn=<AddBackward0>)]]
[[tensor([[-0.3448,  0.4304,  0.8346,  ..., -0.2596,  0.0039, -0.9988],
        [-0.3313,  0.4256,  0.8412,  ..., -0.3021,  0.0205, -0.9987],
        [-0.3295,  0.4303,  0.8439,  ..., -0.3158,  0.0109, -0.9988],
        ...,
        [-0.5597,  0.2155, -0.4330,  ..., -0.6099,  0.1890, -0.9072],
        [-0.5643,  0.2156, -0.4389,  ..., -0.6114,  0.1892, -0.9079],
        [-0.5682,  0.2160, -0.4432,  ..., -0.6140,  0.1894, -0.9087]],
       grad_fn=<AddBackward0>)]]
[[tensor([[-0.4679,  0.0484, -0.9877,  ..., -0.3166,  0.2273, -0.9990],
        [-0.4436,  0.0653, -0.9849,  ..., -0.3028,  0.2185, -0.9989],
        [-0.3999,  0.0916, -0.9814,  ..., -0.3271,  0.1912, -0.9989],
        ...,
        [-0.2390,  0.5552, -0.4497,  ..., -0.4577,  0.1649, -0.5646],
        [-0.4154,  0.5547, -0.4769,  ..., -0.5614,  0.0857, -0.4532],
        [-0.4294,  0.5611, -0.4829,  ..., -0.5687,  0.0815, -0.5425]],
       grad_fn=<AddBackward0>)]]
[[tensor([[-0.0429,  0.1258, -0.9121,  ..., -0.3297, -0.6181, -0.9974],
        [-0.0335,  0.1970, -0.9009,  ..., -0.2808, -0.7176, -0.9972],
        [-0.0352,  0.1844, -0.9475,  ..., -0.3192, -0.7165, -0.9977],
        ...,
        [-0.4516,  0.3394, -0.2867,  ..., -0.4744, -0.5504, -0.9983],
        [-0.4588,  0.3388, -0.2952,  ..., -0.4689, -0.5441, -0.9982],
        [-0.4658,  0.3336, -0.2953,  ..., -0.4643, -0.5403, -0.9981]],
       grad_fn=<AddBackward0>)]]
[[tensor([[-0.0388,  0.1142, -0.8895,  ..., -0.3087, -0.8775, -0.9978],
        [-0.0395,  0.1188, -0.8809,  ..., -0.3280, -0.8863, -0.9980],
        [-0.0399,  0.1090, -0.8989,  ..., -0.3131, -0.8829, -0.9979],
        ...,
        [-0.4446,  0.0394, -0.8858,  ..., -0.4111, -0.7677, -0.8748],
        [-0.4369,  0.0400, -0.8783,  ..., -0.4183, -0.7625, -0.8650],
        [-0.4295,  0.0414, -0.8767,  ..., -0.4218, -0.7691, -0.8615]],
       grad_fn=<AddBackward0>)]]
[[tensor([[-0.0529,  0.0279,  0.2506,  ..., -0.1254, -0.7289, -0.9991],
        [-0.0393,  0.0503,  0.0540,  ..., -0.0934, -0.8416, -0.9989],
        [-0.0506,  0.0684,  0.8316,  ..., -0.1586, -0.7247, -0.9988],
        ...,
        [-0.1836,  0.4132,  0.9936,  ..., -0.2987, -0.9777, -0.9998],
        [-0.1840,  0.4226,  0.9935,  ..., -0.2904, -0.9774, -0.9998],
        [-0.1816,  0.4282,  0.9921,  ..., -0.3260, -0.9776, -0.9998]],
       grad_fn=<AddBackward0>)]]
[[tensor([[-0.0802,  0.0714,  0.4541,  ..., -0.2032,  0.5728, -0.9990],
        [-0.0807,  0.0740,  0.5423,  ..., -0.1910,  0.5732, -0.9992],
        [-0.0761,  0.0999,  0.5757,  ..., -0.1870,  0.5489, -0.9992],
        ...,
        [-0.6639,  0.1783,  0.9973,  ..., -0.5968,  0.7328, -0.9699],
        [-0.6573,  0.1798,  0.9972,  ..., -0.5866,  0.7343, -0.9728],
        [-0.6479,  0.1846,  0.9972,  ..., -0.5799,  0.7336, -0.9732]],
       grad_fn=<AddBackward0>)]]
[[tensor([[-0.0643,  0.0302,  0.6556,  ..., -0.1928,  0.1141, -0.9997],
        [-0.0523,  0.0654,  0.6014,  ..., -0.1543,  0.1196, -0.9996],
        [-0.0521,  0.0672,  0.6803,  ..., -0.1656,  0.1177, -0.9997],
        ...,
        [-0.0724,  0.1487,  0.9994,  ..., -0.4749,  0.2381, -1.0000],
        [-0.0723,  0.1447,  0.9994,  ..., -0.4661,  0.2412, -1.0000],
        [-0.0726,  0.1428,  0.9994,  ..., -0.4613,  0.2420, -1.0000]],
       grad_fn=<AddBackward0>)]]
[[tensor([[-0.3028,  0.0516,  0.3313,  ..., -0.1824,  0.0252, -0.9998],
        [-0.3070,  0.0526,  0.3793,  ..., -0.1888,  0.0245, -0.9998],
        [-0.3322,  0.0383,  0.4392,  ..., -0.1948,  0.0223, -0.9998],
        ...,
        [-0.4114,  0.0374,  0.9997,  ..., -0.5577,  0.1245, -0.9999],
        [-0.4228,  0.0361,  0.9997,  ..., -0.5523,  0.1200, -0.9999],
        [-0.4443,  0.0380,  0.9997,  ..., -0.5667,  0.1205, -0.9999]],
       grad_fn=<AddBackward0>)]]
[[tensor([[-0.1561,  0.0294,  0.9973,  ..., -0.2514,  0.1576, -0.9998],
        [-0.1867,  0.0179,  0.9965,  ..., -0.1340,  0.1799, -0.9999],
        [-0.1849,  0.0176,  0.9967,  ..., -0.1378,  0.1768, -0.9999],
        ...,
        [-0.5752,  0.2166,  0.9992,  ..., -0.6218,  0.3025, -0.9958],
        [-0.5688,  0.2224,  0.9992,  ..., -0.6114,  0.2983, -0.9960],
        [-0.5643,  0.2236,  0.9992,  ..., -0.5949,  0.2960, -0.9964]],
       grad_fn=<AddBackward0>)]]
[[tensor([[-9.3746e-04,  9.2298e-02,  3.9881e-01,  ..., -1.3643e-01,
          5.1565e-02, -9.9974e-01],
        [-6.0970e-04,  8.0301e-02,  3.6221e-01,  ..., -1.6171e-01,
          4.5971e-02, -9.9967e-01],
        [-5.8156e-04,  8.1441e-02,  3.9279e-01,  ..., -1.6921e-01,
          4.3095e-02, -9.9969e-01],
        ...,
        [-7.0024e-04,  3.4655e-02,  9.9985e-01,  ..., -2.1403e-01,
          1.5071e-01, -9.9995e-01],
        [-7.3683e-04,  3.4583e-02,  9.9985e-01,  ..., -2.1591e-01,
          1.4952e-01, -9.9995e-01],
        [-7.7897e-04,  3.4193e-02,  9.9985e-01,  ..., -2.1948e-01,
          1.4898e-01, -9.9995e-01]], grad_fn=<AddBackward0>)]]
[[tensor([[-2.9503e-03,  6.0309e-02,  9.9957e-01,  ..., -2.1700e-03,
          1.7795e-01, -9.9935e-01],
        [-1.6974e-03,  4.8380e-02,  9.9962e-01,  ..., -2.3888e-03,
          1.1443e-01, -9.9927e-01],
        [-2.1681e-03,  4.8063e-02,  9.9972e-01,  ..., -2.5235e-03,
          1.1203e-01, -9.9947e-01],
        ...,
        [-1.6016e-03,  3.8064e-01,  9.9996e-01,  ..., -3.1239e-04,
          3.4532e-02, -9.9997e-01],
        [-1.5917e-03,  4.3645e-01,  9.9995e-01,  ..., -3.1161e-04,
          3.2908e-02, -9.9997e-01],
        [-1.4930e-03,  4.2693e-01,  9.9995e-01,  ..., -3.2604e-04,
          3.4905e-02, -9.9997e-01]], grad_fn=<AddBackward0>)]]
[[tensor([[-0.0015,  0.0310,  0.9998,  ..., -0.0056,  0.0849, -0.9996],
        [-0.0016,  0.0236,  0.9998,  ..., -0.0058,  0.0965, -0.9997],
        [-0.0014,  0.0286,  0.9998,  ..., -0.0065,  0.0809, -0.9996],
        ...,
        [-0.0031,  0.4355,  1.0000,  ..., -0.0014,  0.0090, -1.0000],
        [-0.0031,  0.4310,  1.0000,  ..., -0.0014,  0.0089, -1.0000],
        [-0.0031,  0.4296,  1.0000,  ..., -0.0014,  0.0088, -1.0000]],
       grad_fn=<AddBackward0>)]]
